68108459
66064691
34499898
42486204
27070458
16712466
82177781
83356790
29612284
93366629
63562804
79177483
31034834
35759577
27244942
77086808
23999852
86905424
13018050
21686734
95944457
62204208
84704657
86241524
12680339
25995387
73349288
62478568
74412678
21013811
54811449
95037489
39594854
89311347
37523693
66665313
58540165
19701475
2538455
40668802
65584456
66101259
19846285
49135643
54377189
47091227
78738803
30893393
86513004
44273206
52580127
34973813
6477414
37284784
73731689
71674105
15796523
47080978
34152674
90209201
