76925584
52672256
90711864
30628999
1882579
58325161
90887785
55320424
76680999
23326351
84953924
59339271
88881707
59667607
45478789
18536110
6447589
78805016
4776293
42838258
91152010
58286372
48884217
93917084
9722793
37754716
88721297
21812837
65541484
93684270
98048653
94983420
46356526
88760517
25612419
48239105
99602030
16500204
56075881
76283029
92342908
41029805
88138653
81224615
53213764
33617442
52277077
12177705
64938811
57053371
55015964
56090821
15339743
3900181
2524257
77578888
41654897
43761906
99391725
59712733
